60 
6
10 5
11

0.25 4.75 0.25 
0.75 4.75 0.25 
1.25 4.75 0.25 
1.75 4.75 0.25 
2.25 4.75 0.25 
2.75 4.75 0.25 
3.25 4.75 0.25 
3.75 4.75 0.25 
4.25 4.75 0.25 
4.75 4.75 0.25 
5.25 4.75 0.25 
5.75 4.75 0.25 
6.25 4.75 0.25 
6.75 4.75 0.25 
7.25 4.75 0.25 
7.75 4.75 0.25 
8.25 4.75 0.25 
8.75 4.75 0.25 
9.25 4.75 0.25 
9.75 4.75 0.25 
0.25 4.25 0.25 
0.75 4.25 0.25 
1.25 4.25 0.25 
1.75 4.25 0.25 
2.25 4.25 0.25 
2.75 4.25 0.25 
3.25 4.25 0.25 
3.75 4.25 0.25 
4.25 4.25 0.25 
4.75 4.25 0.25 
5.25 4.25 0.25 
5.75 4.25 0.25 
6.25 4.25 0.25 
6.75 4.25 0.25 
7.25 4.25 0.25 
7.75 4.25 0.25 
8.25 4.25 0.25 
8.75 4.25 0.25 
9.25 4.25 0.25 
9.75 4.25 0.25 
0.25 3.75 0.25 
0.75 3.75 0.25 
1.25 3.75 0.25 
1.75 3.75 0.25
2.25 3.75 0.25
2.75 3.75 0.25 
3.25 3.75 0.25 
3.75 3.75 0.25 
4.25 3.75 0.25 
4.75 3.75 0.25 
5.25 3.75 0.25 
5.75 3.75 0.25 
6.25 3.75 0.25 
6.75 3.75 0.25 
7.25 3.75 0.25 
7.75 3.75 0.25 
8.25 3.75 0.25 
8.75 3.75 0.25 
9.25 3.75 0.25 
9.75 3.75 0.25 

2.5 3.25
3.5 3.25
4.5 3.25
5.5 3.25
6.5 3.25
7.5 3.25